0.271769
0.539243
0.490420
0.189702
0.112544
0.065081
0.340238
-0.175654
-0.283646
-0.336307
0.156031
0.114880
-0.063769
-0.410318
-0.238202
0.124154
0.000670
-0.219479
-0.176791
0.198033
0.123335
-0.152280
-0.034505
0.020209
-0.054577
-0.104720
-0.068118
-0.120890
0.005995
-0.081510
-0.154832
-0.171147
-0.233225
0.049628
-0.098788
-0.111121
0.078546
-0.299235
-0.156838
0.272460
-0.008445
-0.018108
0.156170
0.132589
0.321760
0.169676
0.420516
0.226143
-0.119219
0.209697
0.013572
0.457077
0.411148
0.145147
0.360794
-0.154411
-0.070346
0.250615
-0.033114
-0.210769
-0.310991
0.101850
-0.249548
-0.249531
-0.346167
0.128151
0.045294
-0.260881
0.123576
-0.174898
-0.117795
0.112844
0.214138
-0.140129
-0.056964
-0.258934
-0.135728
-0.356569
-0.054804
-0.042495
-0.079998
-0.316710
-0.417979
-0.133241
0.296269
-0.288386
-0.519652
-0.289749
0.030362
0.441428
-0.386161
-0.321747
0.209150
0.329348
0.213855
-0.106240
0.187630
0.080390
0.097215
0.217836
-0.236626
-0.261565
0.125251
0.088365
0.155427
0.112670
0.125298
-0.099695
-0.076540
0.223067
-0.013513
0.124565
0.086272
-0.126890
0.076211
-0.071484
0.374294
0.066876
-0.116304
-0.128852
0.124914
0.408486
0.220740
-0.331254
-0.092170
-0.079412
0.247930
0.159863
0.214723
0.095227
0.006898
0.409998
0.235957
0.034447
-0.193581
0.116946
0.332269
0.369115
0.398365
0.125653
0.231509
-0.191963
-0.194691
0.145633
0.039212
0.181911
-0.113184
0.042474
-0.187273
0.229687
-0.333337
-0.294237
-0.167560
0.089754
-0.217895
-0.230199
-0.442499
-0.429907
-0.175623
-0.237681
-0.167137
-0.419166
-0.078635
-0.304443
-0.035079
0.365613
0.173181
-0.104128
-0.153685
-0.009821
0.213627
0.479605
0.421685
0.030117
-0.070378
-0.048327
0.090100
0.089398
-0.207622
0.041837
-0.159882
0.292512
0.122743
-0.327232
-0.332811
0.232316
0.119291
-0.223723
-0.231751
-0.277410
0.174902
0.163869
0.121574
0.232720
0.005563
0.113805
-0.098793
-0.033840
0.306402
0.080423
0.264022
-0.016441
0.084044
-0.213427
-0.167431
0.115450
-0.197192
-0.274418
-0.033586
-0.059260
-0.170612
-0.285003
-0.149596
0.019175
0.035117
-0.020554
-0.258554
-0.107192
0.041288
-0.089221
-0.138429
0.316035
0.280566
0.219058
0.297295
-0.233716
-0.174021
0.161435
0.247386
-0.105983
0.224957
0.206068
0.083535
-0.277336
-0.254366
0.106832
-0.004571
-0.162936
-0.300111
0.230828
0.266092
0.063091
-0.206578
0.033800
0.214126
-0.025319
-0.219415
0.050712
0.285462
-0.035745
0.089424
-0.113026
0.215716
0.135155
0.046831
0.142737
-0.214654
-0.329326
-0.330663
-0.294892
-0.168426
-0.368200
-0.028119
-0.109233
0.166327
-0.092346
-0.067140
-0.094436
-0.014641
-0.081196
-0.086909
-0.018673
0.265909
0.258120
0.321491
-0.083032
-0.139965
-0.315888
0.071875
-0.160932
0.074467
-0.248472
-0.088745
-0.349179
-0.081449
-0.378317
-0.300086
-0.213249
-0.025035
0.010050
-0.137064
0.002675
0.208846
0.149168
-0.135038
-0.217107
0.289603
0.223622
0.167941
-0.079761
0.033236
0.407704
0.251048
-0.034356
-0.239636
0.078476
0.461880
0.180990
0.079706
0.144490
-0.220330
0.350908
0.156529
-0.196718
-0.191034
-0.337475
0.139697
0.155451
-0.146786
-0.032062
-0.395307
0.014022
0.304550
0.090780
0.158770
0.225782
-0.055073
0.175581
-0.182680
-0.017176
-0.012539
-0.191193
0.198903
0.170542
0.278478
0.055257
0.013288
-0.191071
-0.022609
0.189885
-0.201179
0.155882
-0.129919
-0.075302
-0.194164
0.153384
-0.101398
-0.262613
-0.276926
0.044512
0.089879
-0.051124
0.381608
0.104144
0.217385
0.445104
0.520276
0.371411
0.717353
0.589942
0.174723
0.351638
0.278928
-0.060162
-0.007424
-0.077427
-0.365757
-0.493106
-0.546907
-0.312055
-0.284578
-0.547068
-0.459114
-0.228242
-0.220111
-0.326149
0.016796
-0.263467
-0.303806
-0.142045
-0.232080
-0.165066
0.115218
-0.334010
-0.276135
-0.198346
0.122504
0.207528
-0.020296
-0.246693
0.189986
0.188782
0.250679
-0.077828
-0.378906
0.349295
0.450355
0.463796
-0.123650
-0.348406
-0.329817
-0.286219
-0.063594
0.256021
0.094838
-0.379324
-0.045862
-0.114995
0.200784
0.506504
-0.003956
-0.076613
0.307963
0.563145
0.317767
0.065346
0.281224
0.064083
0.266664
0.510845
0.161366
-0.129846
-0.131669
0.151905
0.419747
-0.179589
-0.147719
-0.183867
-0.109824
-0.163931
-0.108827
-0.149990
-0.338463
-0.124855
0.228399
-0.050910
-0.392714
-0.034582
-0.085401
0.042873
-0.178962
-0.249437
-0.138843
0.285091
0.220376
0.118000
-0.184578
-0.144119
0.178780
0.371527
0.250908
0.060804
-0.211562
-0.316351
-0.103683
-0.189876
0.202283
-0.203600
0.298660
0.143620
-0.266570
0.239531
0.268605
0.386891
0.080866
0.010837
0.225178
0.342348
0.151698
-0.154445
-0.173269
0.114994
-0.119561
-0.156032
0.121980
-0.165602
0.171919
0.138940
-0.139861
-0.026136
-0.136936
-0.220077
-0.252112
0.137951
0.039593
-0.076726
-0.162505
-0.090422
0.012068
0.294496
0.158343
-0.121931
0.202383
0.031199
0.231065
0.167094
0.371215
0.127374
-0.269949
0.005431
