0.005466
-0.009129
0.004426
0.005262
0.007009
0.006935
0.000913
0.002850
-0.006835
0.005293
0.003673
-0.003661
0.004598
0.004181
0.007778
0.002405
-0.000991
0.004841
-0.005797
0.004241
0.005589
-0.005575
-0.004994
-0.009337
-0.000562
-0.003454
0.005981
0.008399
-0.001241
0.005341
-0.011867
-0.002102
0.002456
0.004989
-0.001859
-0.001026
0.004280
-0.001509
0.002200
0.001730
-0.000628
-0.002226
-0.000202
0.001291
0.000077
-0.008670
0.000600
0.004847
-0.001148
-0.003450
-0.001641
-0.001323
-0.013144
0.007784
0.000304
0.003614
-0.002461
0.006094
0.006380
-0.009096
0.007479
0.003522
-0.010532
-0.004293
0.005734
0.001902
-0.002828
0.001492
-0.000028
0.009403
0.002941
0.000702
-0.003941
0.013199
0.001840
0.009657
-0.002410
0.006320
0.002967
0.000147
0.003560
-0.000389
0.000192
-0.003660
-0.002920
0.004495
-0.002242
-0.000846
0.004916
-0.008750
0.003798
0.006202
0.005348
0.001567
0.009411
-0.001348
0.002859
-0.004481
-0.007878
-0.003833
-0.005971
-0.002310
-0.000268
0.001637
0.003663
0.006702
0.005692
-0.002992
-0.004400
0.002150
-0.003197
0.003039
0.002231
-0.005043
-0.007752
-0.005888
0.000239
0.007753
-0.000793
-0.002622
-0.001937
0.011393
-0.003559
0.006085
0.005584
-0.005110
-0.001868
-0.000178
-0.005701
-0.000845
0.008044
-0.001204
0.007230
0.002443
-0.001662
-0.012397
-0.001001
-0.009150
0.002572
-0.004451
-0.005637
0.005728
-0.005275
-0.001334
0.001144
0.008768
-0.003641
0.005911
0.000013
0.005891
-0.003341
-0.001368
-0.000406
0.001912
0.001448
-0.000294
0.001942
-0.000618
-0.002000
-0.002166
-0.000374
0.009716
0.000307
0.005130
-0.003260
0.001762
-0.002921
0.002674
-0.001835
0.001861
-0.005825
-0.006219
0.005521
0.011591
-0.004365
0.007105
0.001328
-0.001989
-0.003191
0.005961
0.000124
-0.002408
-0.006664
0.003441
0.001421
0.008019
0.000685
0.001107
0.000726
-0.003840
-0.004568
0.004123
-0.002620
-0.002196
-0.005142
-0.006128
0.003893
-0.007766
0.006600
-0.002126
-0.001734
0.002303
-0.011080
-0.003960
0.004686
-0.002241
0.002258
-0.007097
-0.000207
-0.005488
0.005723
-0.001247
-0.004361
0.000970
-0.002713
0.002667
-0.000574
0.004455
-0.002886
-0.000721
-0.000733
0.010316
-0.003559
0.011830
0.005524
-0.000048
0.011992
-0.000794
0.002753
0.007881
0.000155
-0.001782
-0.000772
0.000436
0.017313
-0.003971
0.003039
0.008446
-0.001852
0.001068
-0.003976
-0.003472
-0.000668
0.009785
0.007565
-0.001045
-0.003567
0.006282
-0.003711
0.008763
0.002311
0.007556
-0.000532
-0.001054
-0.008780
-0.002065
-0.001002
-0.001303
0.001424
-0.007244
-0.001673
0.005967
0.000256
-0.000717
-0.002112
0.001626
0.006055
-0.007458
-0.001799
0.003927
-0.005165
-0.001762
0.002520
-0.004041
-0.005099
-0.004150
0.002128
0.000452
0.001695
0.004475
0.008100
-0.001815
0.000715
0.004912
-0.010699
0.002142
0.006798
0.001874
0.004720
-0.005428
0.000928
-0.001573
0.003275
0.001549
0.005117
0.001886
0.003505
-0.006098
0.005899
-0.004381
-0.000769
0.001554
0.004765
-0.004759
-0.016111
0.004692
-0.001689
-0.004315
0.007674
-0.002555
0.000192
0.005395
-0.006279
0.000196
-0.003809
0.003156
-0.004948
-0.000370
0.008418
0.013930
0.005622
-0.003414
-0.002920
0.007716
0.004370
0.007256
0.001255
0.003945
0.009508
0.005782
-0.001021
-0.000472
0.000326
0.000563
0.002852
0.007016
-0.006126
-0.001931
0.011014
0.000813
0.002162
0.003760
-0.000560
0.002797
0.001109
0.006271
-0.004869
0.010191
-0.008173
-0.002063
-0.006462
0.001016
0.005965
-0.002498
0.008112
0.002285
0.001512
0.000528
0.004677
-0.000246
-0.004859
-0.002575
-0.008166
-0.000429
-0.003129
0.013590
-0.000883
0.000403
0.008167
-0.006040
0.004504
0.005378
0.006816
0.008335
0.003997
-0.005691
-0.000051
0.007487
0.006322
0.000629
-0.003354
0.000408
-0.005418
-0.000880
-0.001623
0.010952
-0.004288
0.008388
-0.002504
-0.003624
-0.001223
-0.001405
-0.006586
-0.000584
-0.008172
-0.002909
-0.000130
0.004305
-0.002978
0.005246
0.003655
0.010181
0.006549
0.002611
0.002566
0.007057
-0.008434
-0.002251
-0.000808
0.000290
0.002022
-0.006026
-0.001068
0.000453
-0.011607
0.002466
0.003367
0.008478
-0.002625
-0.004662
-0.003095
0.000809
-0.004775
0.002795
0.000574
0.002536
0.001178
-0.004400
0.006552
-0.001703
0.001052
-0.000237
-0.000648
0.001527
-0.000045
-0.001818
-0.001980
-0.005368
-0.004729
-0.000735
0.009362
0.001194
0.003129
0.014380
-0.001042
0.010051
-0.001795
0.006998
0.000838
0.006982
0.000677
0.002986
0.008372
-0.002842
-0.000554
-0.003248
-0.006773
-0.000571
0.004154
-0.006575
-0.004607
-0.008200
0.002161
-0.009568
-0.000295
-0.000366
0.002008
0.009566
-0.000001
-0.003134
-0.004863
0.002560
-0.004107
-0.001270
0.003619
0.002936
-0.002763
0.001895
0.000639
-0.000437
-0.005826
0.009264
-0.000430
-0.001395
0.001528
-0.008738
-0.001856
-0.001372
0.001657
0.000229
0.010330
-0.001992
-0.000447
-0.001564
0.000951
0.000207
0.003403
-0.007355
-0.003879
-0.006634
