-0.086515
0.065849
0.015901
-0.021242
-0.004329
0.066475
-0.003252
-0.088874
-0.034717
-0.116388
0.010465
-0.004064
0.027866
-0.054979
-0.000153
-0.065803
-0.017510
-0.059170
-0.060388
0.153275
0.016982
0.019284
0.028120
0.034275
0.057246
0.028723
-0.070702
-0.052800
-0.023835
0.087609
-0.032577
-0.026342
0.023728
0.092429
0.050065
0.087521
0.010502
-0.052674
-0.042859
0.022388
-0.042752
0.027305
-0.029551
-0.049297
0.036101
0.038741
0.004846
-0.092012
0.106013
-0.048847
-0.103806
0.131518
0.014235
-0.072895
0.010761
-0.048381
0.092787
0.055574
-0.067669
0.002064
-0.044806
0.087885
-0.021265
0.018254
-0.111679
-0.085578
-0.072056
-0.076483
0.047563
-0.130551
-0.093443
0.055109
0.041125
0.109931
0.009681
0.047243
-0.063434
0.156351
0.035523
-0.067858
0.099763
0.028931
-0.018753
0.080041
0.050726
0.003803
0.025792
-0.084519
0.010486
-0.098632
0.067702
0.050402
-0.099482
0.082567
0.003206
-0.031184
0.117541
-0.050989
0.036630
-0.052153
0.057281
0.036389
0.067753
-0.031497
0.072517
0.034471
0.025499
-0.049553
-0.048706
0.014895
-0.050751
0.008519
0.115405
0.029466
0.083053
-0.016234
0.000685
-0.059314
-0.015468
-0.079144
0.045053
0.018266
-0.026271
0.046680
0.051013
-0.018083
0.025214
0.024441
0.044651
-0.095304
0.127197
-0.068825
-0.089694
0.041320
-0.051648
-0.029263
0.011538
-0.025989
-0.159596
0.003346
-0.105851
-0.015039
0.034205
-0.028740
-0.027275
0.019352
0.010331
0.004270
-0.042182
-0.074394
-0.040084
0.014555
-0.027942
0.092034
0.047976
0.047786
0.002784
0.037721
-0.018671
0.086750
0.049358
-0.040632
0.048358
0.020086
-0.172363
0.007438
0.084761
0.011041
-0.045161
0.011619
-0.046077
0.042050
0.024583
0.164582
0.089784
0.110158
-0.048711
-0.067407
0.080572
0.024604
0.096338
0.044683
-0.036114
0.005250
-0.006027
0.049206
0.002487
0.171601
0.018895
0.025504
0.035570
0.094198
-0.025742
-0.001510
0.060112
0.136867
0.070565
-0.000241
-0.024287
-0.061611
-0.006084
-0.020065
-0.088603
0.009886
-0.068423
0.022106
0.036522
-0.025010
0.046769
0.003589
-0.063505
-0.053163
0.052489
-0.095866
-0.011932
0.027659
0.026791
0.045621
-0.040806
-0.014549
-0.111954
-0.085048
0.010684
-0.042959
-0.197912
0.058226
0.076528
-0.070549
-0.022024
-0.058344
-0.022121
-0.047257
-0.049819
-0.128907
0.107647
0.036838
-0.000921
-0.077961
-0.011722
0.000595
-0.056415
0.103840
0.105135
0.126398
0.182950
0.106394
-0.094201
-0.045271
0.055590
-0.053676
-0.075158
-0.080938
0.035518
-0.053888
-0.007553
-0.092672
-0.027971
-0.063644
-0.082564
0.060070
0.126479
0.060836
0.059472
-0.024902
-0.039832
0.008879
-0.019798
0.025676
-0.022113
0.078353
-0.028228
-0.042057
-0.079352
-0.057000
-0.129778
0.065352
0.090805
0.015267
0.005513
-0.049077
-0.050264
0.012942
-0.134148
-0.066139
-0.004637
-0.064886
-0.057258
-0.001668
0.012731
0.076877
-0.038804
-0.059977
0.014419
0.001311
-0.020477
0.103997
-0.019656
-0.102522
0.035194
-0.033043
0.048148
-0.004649
-0.078947
-0.041103
-0.008184
0.050623
-0.011445
-0.088505
-0.130294
0.058340
-0.031423
-0.092031
-0.048040
0.038661
0.083534
-0.066661
-0.018257
0.174769
-0.057829
0.114253
-0.082453
0.054439
0.095558
-0.031913
0.054029
-0.006398
-0.093214
-0.025655
-0.094561
-0.004466
-0.017101
-0.047383
-0.027049
-0.036144
-0.110760
-0.002793
-0.053804
0.060134
0.180480
0.061419
-0.055566
-0.049456
-0.058347
0.033642
0.037047
0.140437
-0.014249
-0.040093
-0.025167
-0.010283
0.036632
0.017917
-0.007661
-0.014330
0.037770
-0.069981
0.082823
0.001610
-0.009020
-0.065163
-0.104043
0.078082
-0.019866
0.067040
-0.107876
-0.084361
-0.118063
-0.032031
0.066009
-0.053355
-0.066297
-0.012206
0.093062
0.099402
-0.058829
-0.014940
0.076090
-0.101477
0.106615
0.015431
0.017224
0.051441
-0.029671
-0.039558
-0.000694
0.071886
0.023081
0.049799
-0.071293
0.040918
-0.045745
-0.017051
0.010845
-0.009414
-0.042540
-0.006772
-0.007861
-0.053075
-0.002420
-0.056240
0.043775
-0.111977
0.045902
-0.027819
0.128997
0.024515
-0.016642
0.071335
0.068888
-0.031158
-0.006001
0.037289
-0.036509
-0.070387
-0.070649
-0.034749
0.085882
0.046924
0.022042
0.023820
-0.004785
0.042393
0.028409
0.078523
0.037249
-0.093218
-0.064355
-0.056366
-0.086405
0.021671
-0.095090
-0.033654
-0.027824
-0.034436
0.021455
-0.049231
0.105670
-0.026592
0.047323
-0.030939
-0.101995
0.077028
-0.064427
0.098540
0.042697
0.069221
-0.042147
0.027250
0.064578
-0.091669
-0.047028
-0.053614
0.010263
0.003190
0.130149
0.020526
-0.092437
-0.030470
0.042827
0.038375
-0.043764
0.025839
0.048789
0.012292
-0.047645
0.038770
-0.102820
-0.084011
0.019250
0.001059
-0.005747
-0.024489
-0.047747
0.039659
-0.100175
-0.040684
-0.033232
-0.028549
0.013371
0.025705
-0.032291
0.022061
0.036787
-0.003911
-0.008186
-0.104837
-0.012179
0.053640
0.011085
0.127029
-0.098994
0.080690
-0.008030
0.060159
-0.049430
0.009733
-0.077842
0.036304
0.003681
0.027958
-0.043503
0.009943
0.051555
0.027693
-0.003536
0.004652
0.014206
0.104002
-0.026883
0.073754
0.025205
-0.007312
-0.046085
0.054740
0.113918
0.035080
-0.010254
0.146495
0.005758
0.092953
-0.148202
-0.023985
-0.072009
0.073990
-0.019897
-0.059272
0.050387
-0.047443
0.091407
0.090796
-0.067020
-0.051063
0.009218
0.076059
0.088399
-0.067582
0.002697
0.053678
0.037235
0.118791
0.036743
0.032823
-0.002085
-0.030067
-0.072976
-0.024276
0.096974
0.087546
-0.047323
-0.002980
-0.013641
-0.015615
-0.018324
0.149967
0.008545
0.081514
-0.032591
-0.072904
0.036780
-0.035142
-0.047696
-0.084026
-0.027842
0.160309
0.120156
-0.044236
-0.003874
0.155873
-0.081939
0.054103
0.012670
-0.077909
-0.018733
0.003165
-0.031702
-0.181859
-0.048310
0.048161
-0.065819
0.007941
-0.013979
-0.041281
0.027779
0.104799
0.015110
-0.027222
0.142547
-0.033612
-0.053675
-0.074143
-0.032463
0.114255
-0.013592
-0.102359
0.032157
0.043146
-0.054129
-0.013034
0.011690
-0.014958
0.103663
-0.052132
-0.168181
0.055601
-0.062060
0.049265
-0.007298
0.050009
0.010838
-0.037395
0.061183
-0.019692
-0.045738
0.061860
-0.020694
-0.111502
-0.034461
0.043559
-0.033820
-0.029398
0.053837
-0.070144
0.110842
0.030186
0.041733
0.109886
-0.008479
0.022663
0.003004
-0.033083
-0.020986
0.092038
0.050309
0.044186
-0.064851
-0.055305
0.106272
0.027171
0.099108
-0.025688
-0.083626
0.013914
0.050097
0.047575
-0.083786
-0.082960
0.079751
-0.105854
-0.110193
-0.117494
0.034807
0.002286
-0.019491
0.003866
0.097375
-0.014000
0.070411
-0.033538
-0.092710
0.045652
0.087538
0.013883
-0.001273
0.088476
-0.020051
0.065423
0.010508
-0.008180
0.046450
-0.068096
0.022097
0.056260
0.045802
-0.022840
0.002932
-0.021420
-0.071382
-0.034428
0.056225
-0.044752
-0.106343
-0.036335
0.044528
0.037588
-0.096624
0.052010
0.105156
-0.114527
0.085951
0.021635
0.021735
0.017866
0.001770
0.102058
-0.006043
-0.112208
-0.039460
-0.037967
0.084977
0.028582
-0.025486
0.031053
-0.086980
0.051005
-0.021791
-0.035927
0.059804
-0.018440
0.001689
0.064826
0.004592
-0.040575
-0.011273
-0.025183
-0.001459
-0.054221
0.026104
-0.034063
0.026363
0.055465
-0.043365
0.076773
0.114756
0.092705
-0.055058
-0.049631
0.061036
0.025431
-0.029450
-0.013933
-0.082459
0.029285
-0.005678
-0.108021
0.049427
0.118739
-0.022858
0.081452
0.054996
0.082305
-0.080265
-0.048958
0.029226
-0.145057
0.012917
-0.035406
-0.083501
-0.023774
0.095235
0.005775
-0.023211
0.030381
0.059659
-0.037036
0.014309
-0.064264
0.019495
0.013952
0.150708
0.062143
-0.012168
0.065208
-0.007857
-0.045441
-0.086788
0.050044
0.017189
-0.046136
0.008372
-0.048158
-0.010356
-0.050913
0.089041
-0.073265
-0.018236
0.036621
0.037180
-0.036043
-0.005318
0.007576
0.094505
0.037659
-0.048987
-0.090694
0.061938
-0.163514
0.052837
0.023164
0.008713
-0.042728
-0.032251
0.005584
-0.094461
-0.009078
-0.030743
-0.015650
0.117307
0.019106
-0.104610
-0.070368
-0.049190
0.011196
0.069918
-0.052767
-0.093872
0.030471
-0.111754
0.012625
0.002436
0.073155
-0.027393
-0.056299
-0.049272
-0.049345
0.017705
-0.007600
0.000515
-0.056552
0.082223
-0.012019
0.101493
-0.112314
0.001031
0.055421
0.019611
-0.065447
0.053292
0.067489
0.044772
-0.016925
-0.075013
-0.007379
0.005552
0.110081
0.041956
-0.017209
0.050612
0.050048
0.005500
0.017476
0.079476
0.017337
-0.010787
-0.022465
0.031185
0.106320
-0.016712
-0.026434
-0.060900
-0.027197
0.009097
0.030933
0.138212
-0.020598
0.130828
0.024115
0.018394
0.022379
-0.047988
-0.052866
-0.025178
0.078410
-0.036804
-0.045450
-0.090131
0.066500
0.131292
0.000898
-0.005608
0.047935
0.102809
0.052743
0.018080
0.061009
0.093966
-0.042132
0.039904
0.073350
-0.040326
0.015610
0.063198
0.125151
-0.075525
0.031345
-0.014058
-0.097057
0.028946
-0.068587
0.019341
0.049604
0.041897
0.035417
-0.045966
-0.097429
-0.090895
-0.029489
0.009873
0.096419
0.012357
0.084030
-0.068508
-0.034248
0.103040
-0.035913
0.031817
0.047869
-0.006333
-0.001850
0.108305
-0.072007
-0.044141
0.147886
-0.042081
-0.015423
-0.086534
-0.096303
0.058496
0.126525
-0.054176
-0.056337
0.083304
-0.003534
0.049203
0.028352
-0.003100
0.088505
0.028268
-0.083243
0.013555
0.014959
-0.128430
-0.008104
-0.069896
0.009829
0.001475
0.081225
0.057542
-0.055037
0.028068
-0.151581
0.052677
-0.101383
0.055694
-0.089335
0.105929
-0.062031
-0.057729
-0.044625
-0.006254
0.094565
-0.014402
-0.053037
0.066482
-0.118651
-0.060235
0.011601
0.018837
-0.062919
-0.080780
-0.020828
0.029404
-0.030487
0.044826
0.043951
0.004486
0.035111
0.009746
0.139500
0.026753
-0.047635
-0.037942
-0.068867
0.056270
0.002207
0.012483
-0.041123
-0.005655
0.048000
-0.081119
-0.040232
0.051890
-0.084270
-0.038399
0.023396
-0.060714
0.141472
0.024319
-0.017019
0.032438
-0.037306
-0.035427
0.197685
-0.051164
0.094473
0.027185
0.008137
-0.055713
-0.049273
0.013042
-0.081034
-0.101987
-0.025643
-0.027612
0.083419
0.086151
0.135414
0.004948
0.031874
0.026335
0.079032
0.068282
-0.093459
0.056593
0.110755
0.057069
0.093643
0.030101
-0.018042
0.112179
-0.045883
-0.135645
-0.015848
-0.091606
0.024398
-0.046681
-0.023616
-0.021058
0.113486
0.121482
0.080779
0.001310
-0.035668
0.080548
-0.123133
0.050741
0.055043
-0.030400
0.010280
0.127356
-0.074080
0.044952
-0.045129
0.056216
-0.005602
0.018637
0.066144
-0.049040
-0.024456
-0.001961
0.012620
0.048655
0.053939
0.053631
0.109883
-0.007170
-0.078226
0.003470
0.049796
-0.109650
0.082969
-0.039588
-0.082732
-0.076588
-0.081798
-0.078886
-0.069784
-0.034809
0.027322
0.037467
0.055530
0.003085
0.029825
0.023938
-0.006053
0.003451
-0.042004
0.092537
0.145227
0.000369
-0.042015
0.005032
-0.068655
-0.033242
0.003347
-0.025828
-0.082175
0.163534
0.046263
-0.114314
0.030198
-0.146256
0.029879
0.146024
0.115564
0.066382
-0.067870
-0.076185
0.049118
0.031702
-0.033553
-0.051277
0.067416
0.009839
-0.063430
-0.074634
-0.057419
-0.004979
0.082149
0.018736
-0.030527
-0.122616
0.015965
0.045843
0.057038
-0.130551
0.096735
0.080259
0.041104
0.009774
0.011060
0.023434
-0.076413
-0.090611
-0.107064
-0.116128
-0.019724
0.092739
-0.039599
0.008395
0.023430
-0.088736
0.086884
0.058112
-0.085778
0.108085
0.126084
-0.107137
0.049333
0.086157
-0.002928
0.032947
-0.018856
-0.058744
0.157355
-0.101235
-0.048456
-0.053055
0.081823
-0.046600
-0.025552
0.168240
0.106628
0.025652
0.086930
-0.069047
0.082034
-0.015496
0.044367
-0.010580
0.014801
0.058575
-0.115677
-0.087714
0.030990
0.058615
0.057347
-0.165837
-0.135848
-0.017226
-0.051360
-0.011226
0.089093
0.125116
-0.075095
0.094081
-0.082937
0.103738
-0.118207
0.098366
0.056685
-0.009244
-0.053191
0.049054
-0.085589
-0.041380
0.024913
0.051375
-0.148653
0.065340
0.053220
0.019542
0.012748
-0.023546
-0.057550
-0.017986
-0.043084
0.092380
-0.030913
-0.009150
0.008097
0.115221
-0.071675
0.084796
0.021703
0.132618
-0.069978
0.065439
0.027199
-0.071338
-0.133697
0.028003
-0.020717
-0.111889
-0.084444
0.111147
0.084031
-0.005107
-0.067630
-0.062927
-0.025983
-0.067306
-0.047125
-0.064422
-0.040760
-0.065688
0.020916
0.045868
0.021279
-0.001760
-0.025257
0.080053
-0.074803
0.026463
0.048688
-0.128747
-0.244350
-0.100003
0.064645
0.036893
0.063876
-0.017871
-0.015536
-0.083479
0.078458
0.159227
-0.112649
-0.005939
-0.023038
0.155256
0.135150
-0.065717
-0.157731
0.013726
0.066712
0.084509
-0.045892
0.082389
0.018841
-0.230364
-0.033926
0.142973
0.135158
-0.069192
0.074575
0.070208
0.082555
0.111280
-0.132610
0.037426
-0.025387
-0.009840
0.075332
-0.000181
-0.017003
0.057499
0.060841
0.004365
0.115481
0.100655
0.100936
-0.126588
-0.163627
0.066159
0.016489
0.051368
-0.010729
0.093135
0.143471
-0.052118
0.085515
0.095606
-0.085972
-0.043095
0.068097
0.013378
0.042197
-0.078802
0.182078
0.052614
0.037807
-0.068964
-0.030039
0.084856
-0.058011
0.051142
-0.047634
-0.093427
-0.105013
0.040937
-0.132592
-0.036974
0.094698
0.028316
-0.021837
0.111621
-0.120400
0.102022
0.049813
0.008369
0.014224
0.123177
0.052399
0.115729
0.072200
-0.065952
0.207656
-0.038810
-0.068934
-0.094190
0.076204
0.065690
-0.114839
0.049790
0.064739
-0.132209
-0.115276
0.034309
-0.005403
0.155458
-0.010961
0.079359
-0.093052
-0.001429
0.187654
0.024299
0.017011
0.072497
-0.070529
0.001461
-0.052726
0.010849
-0.039738
-0.147013
0.046149
-0.056048
0.041738
0.020351
0.021671
0.082634
-0.023454
0.024938
0.036763
-0.055992
-0.146902
0.027328
0.038719
0.009935
-0.053892
0.131435
-0.048450
0.054865
0.013225
-0.031574
-0.010899
0.074316
-0.064511
0.052619
-0.105232
0.180852
-0.023650
0.022675
-0.028566
-0.039124
-0.038226
-0.041725
0.058760
-0.062637
0.018288
-0.029088
0.009097
-0.083608
0.000675
-0.020637
-0.008197
-0.016385
0.106217
-0.118431
-0.030075
0.022457
-0.005050
0.151352
-0.113191
-0.107731
-0.033634
-0.016199
-0.073188
0.011001
0.103469
0.134824
0.040948
0.078691
-0.029920
-0.102592
-0.115052
0.012937
0.112020
0.139859
0.001291
-0.069725
-0.069644
0.074186
-0.063919
-0.091955
-0.031014
0.039865
0.094934
-0.202104
-0.060541
0.020865
0.146047
-0.187842
-0.116131
0.005182
0.115871
-0.028796
-0.108283
-0.119995
0.042282
-0.056701
-0.054230
-0.100610
-0.036751
-0.022181
-0.023295
-0.134009
0.180473
0.000238
0.071674
0.015768
-0.190390
0.120138
0.074040
0.114236
-0.012012
-0.007840
-0.061186
0.020766
0.001131
0.045962
-0.010864
0.106693
0.030714
0.024955
0.028088
0.045830
0.044591
0.046568
0.013783
0.022417
-0.025306
0.181677
0.004879
0.011495
0.000765
-0.023007
0.053754
-0.020830
0.103738
0.063413
-0.088067
-0.008021
-0.060136
-0.060724
0.009329
-0.005831
-0.091004
0.024047
-0.023368
0.183416
-0.083776
-0.080769
-0.063165
0.132837
-0.036167
0.171671
0.024935
-0.102793
-0.059603
0.029641
0.007015
-0.136131
-0.034694
-0.028553
0.146513
-0.087194
0.029486
-0.061327
-0.106100
-0.061839
-0.084423
0.126658
0.083334
0.032579
-0.096116
-0.095320
-0.020624
0.015539
0.002807
-0.005348
-0.066343
0.009858
-0.037811
0.021760
-0.008120
0.043388
-0.024487
-0.063728
0.160669
0.029850
-0.100911
0.046170
0.004248
0.113137
0.105703
-0.048083
0.032042
0.047889
-0.011735
-0.080166
-0.093611
-0.106068
0.004792
0.025025
0.022138
-0.069046
-0.018046
-0.034124
0.129990
-0.011572
0.012002
-0.005665
-0.179017
0.069297
-0.109710
0.020667
0.000325
-0.047489
0.033526
-0.022881
-0.138669
-0.167517
-0.069456
0.130972
-0.025070
-0.025297
0.067800
-0.119386
-0.056747
0.059081
0.004901
0.066730
-0.065873
-0.074321
0.021482
-0.072737
0.060410
0.026721
0.046565
-0.060479
0.045212
0.038911
0.053899
-0.033770
0.025932
-0.034861
-0.034422
-0.119996
0.084223
-0.121497
0.051996
-0.162199
0.089852
0.005493
-0.070440
-0.007547
-0.015216
0.059464
0.101994
-0.024091
-0.077576
-0.092598
0.031912
0.136220
-0.130402
0.092406
0.007884
-0.034302
0.096714
0.077820
0.018888
-0.009396
-0.060609
-0.067960
0.059253
0.130993
-0.052575
-0.053997
0.056848
-0.029266
0.071456
-0.041887
0.002901
-0.007826
-0.085669
0.115271
0.000485
0.070598
-0.020968
0.016206
0.002402
-0.079079
-0.015600
-0.102968
0.095520
0.000427
0.021451
-0.044666
0.053244
0.005114
-0.045446
0.064431
-0.042107
-0.041859
-0.030060
-0.016673
0.176396
-0.042270
0.049502
0.057186
0.114976
-0.098655
-0.069090
0.011577
-0.095456
-0.037180
0.031159
-0.063230
-0.074374
0.031662
-0.029958
-0.006550
0.083800
-0.098440
0.027321
0.034819
-0.099167
-0.015553
-0.042199
0.009892
-0.054858
0.005961
-0.087417
-0.066364
-0.111473
-0.055589
0.017026
-0.013496
-0.001250
-0.009196
-0.039016
-0.069728
0.023338
-0.006289
0.016850
0.144128
-0.055386
0.166279
0.000309
0.074834
-0.074656
-0.016047
-0.093417
-0.048560
0.041774
0.066094
0.033834
0.004388
-0.027509
-0.050429
0.021745
0.089366
-0.100230
-0.018899
-0.065949
-0.080453
0.064392
0.014632
0.015466
0.041440
-0.008968
-0.071374
0.017347
0.001013
0.074025
-0.086351
-0.021294
-0.005181
0.085042
0.019104
-0.077817
-0.132145
-0.031996
-0.059179
-0.021564
-0.018180
-0.058988
-0.091196
0.092357
0.054772
0.068313
0.078602
-0.014888
0.126190
0.047572
-0.236728
-0.052760
-0.039268
-0.087529
0.013141
-0.063316
0.104966
0.026612
-0.038669
-0.086659
-0.077834
0.043938
0.033928
0.124896
-0.150973
0.030828
-0.053781
0.142102
0.048627
0.030192
-0.000353
0.006749
-0.088862
-0.065206
0.124119
0.071067
0.097682
-0.081249
-0.062442
0.045645
-0.037887
-0.019971
0.070804
-0.012940
0.004029
0.077996
-0.055187
0.109451
-0.042500
0.006090
0.166396
-0.000102
-0.076307
-0.053388
0.020705
-0.111147
0.165397
-0.149240
-0.029808
-0.100050
0.044033
0.146353
0.018963
0.058532
-0.066292
-0.015074
-0.148336
0.015783
0.022785
0.061830
-0.109623
-0.071080
-0.038224
0.133211
0.051274
-0.082272
-0.034752
-0.055992
0.167796
0.059739
-0.035936
-0.076408
0.108334
0.042397
-0.011715
-0.046409
0.046788
-0.054360
0.064634
0.015276
0.008913
-0.065921
-0.027405
0.054699
-0.154077
-0.028774
-0.101188
-0.069010
-0.001015
-0.098474
0.006402
0.021256
-0.007054
-0.068799
0.082206
-0.041873
0.049519
0.098456
0.139851
-0.071574
-0.000578
0.174770
-0.012908
-0.040257
0.026141
0.021512
-0.071010
-0.058443
0.043460
-0.082803
-0.013593
-0.129949
0.117352
0.032105
-0.109710
-0.045672
0.011181
-0.011552
-0.127615
-0.089627
-0.080850
-0.028087
-0.079398
-0.045125
-0.065038
0.053785
-0.026449
0.010862
-0.015227
-0.015466
0.008649
-0.203347
-0.027922
0.079548
-0.147974
0.057836
0.092237
0.082187
0.012169
-0.018601
-0.167171
-0.025401
-0.126983
0.075807
0.020041
-0.059528
0.016168
-0.196012
-0.000731
-0.059009
-0.000498
-0.060053
0.050698
-0.191072
0.004561
0.027012
0.083816
0.015365
-0.055353
0.092183
-0.080606
-0.039312
0.118659
0.088041
-0.057194
-0.098931
0.082138
-0.060896
-0.085281
0.020847
-0.062716
-0.186626
0.028751
0.082186
-0.034178
-0.009229
-0.152911
-0.087197
-0.023749
-0.016665
0.024720
0.096234
-0.019730
0.005787
0.004427
0.021876
0.026427
-0.112609
0.015589
-0.080415
0.015041
0.013657
0.091371
-0.037027
0.192064
-0.073598
0.099597
0.038639
0.068336
-0.054263
-0.034449
0.107047
-0.023591
0.070897
-0.015617
0.181484
0.062187
0.025184
-0.036315
0.001524
0.114279
0.016689
0.042949
0.068209
-0.041500
-0.116498
0.037875
0.042634
-0.042465
-0.000797
-0.071374
-0.000743
0.221160
0.156317
0.075498
0.118165
0.040788
-0.026495
-0.001254
0.060043
-0.015399
0.011175
-0.124405
-0.047206
0.169999
0.036867
0.032208
-0.006274
0.032570
-0.179693
0.081894
-0.029338
0.000690
-0.052124
-0.001667
-0.056247
0.057559
0.022937
0.031647
-0.050262
-0.080693
0.218804
0.041612
0.053756
-0.014025
-0.006274
-0.058283
-0.058962
0.046850
-0.085141
0.025869
0.030759
0.140763
-0.000430
-0.119992
-0.078865
0.084639
0.110805
-0.020112
0.029952
-0.118857
0.016916
0.037303
0.143897
0.083521
-0.078496
-0.021315
-0.013603
-0.133317
-0.010251
-0.126196
0.047572
-0.001328
0.045552
0.065800
-0.013733
0.141137
0.017848
-0.008001
0.138631
0.041627
-0.036886
0.142699
-0.140007
0.026430
0.082402
0.050019
-0.011017
-0.074459
-0.064533
-0.040153
0.001236
-0.008640
0.008811
0.123677
-0.061978
-0.015748
0.071772
-0.038132
-0.074555
-0.082084
0.010049
-0.040555
-0.111668
0.073702
0.099343
0.081885
0.056384
0.017850
-0.047815
-0.011432
-0.037248
-0.046500
-0.034821
0.084765
0.034824
0.006479
0.054754
0.100956
0.125441
-0.103525
-0.114547
0.183749
0.010288
-0.019555
0.108368
0.130958
0.037749
-0.012517
-0.118717
0.024760
-0.058592
-0.095883
-0.058194
-0.013000
-0.112074
-0.051784
-0.122430
-0.009970
0.003059
-0.009916
0.080833
0.030944
0.016434
0.186893
0.011325
-0.049444
-0.111922
-0.051993
-0.044035
-0.015683
0.101604
0.125402
-0.059893
-0.001230
0.094691
0.122998
-0.027897
-0.112425
-0.022906
0.025127
0.096958
-0.067428
0.059706
-0.053674
0.042775
-0.022315
0.049698
-0.177859
-0.012005
-0.099900
0.124803
-0.048088
-0.142314
0.045561
0.090656
0.064506
0.113649
-0.015793
-0.033545
0.044471
-0.039656
0.026668
0.049363
-0.064947
0.064529
-0.019661
0.172325
0.120468
-0.009952
-0.055205
0.046034
0.048573
-0.029199
0.119408
0.051540
0.128406
-0.002142
0.048616
-0.090843
0.078634
-0.125107
0.005790
-0.111883
0.044862
-0.109223
0.006619
-0.001058
-0.038739
-0.019955
-0.004071
-0.150774
-0.001088
0.064792
0.042480
0.022781
0.051700
-0.054658
0.108180
0.008415
0.036300
0.007143
-0.045113
0.097273
0.001526
0.103032
-0.058285
-0.040324
0.103596
-0.105645
0.009326
-0.013723
0.075826
-0.019966
-0.006131
-0.082621
0.008486
-0.037126
-0.003332
0.044933
-0.065251
0.034817
-0.100390
0.070915
0.073201
0.080108
0.038760
-0.051217
0.062418
-0.029246
-0.000480
-0.132068
0.032403
0.030629
0.065190
0.025612
0.089478
0.066592
0.045394
0.154485
-0.084242
0.020896
0.037124
-0.013455
0.001274
-0.000168
-0.049100
-0.022624
-0.045777
0.055161
0.114117
0.063456
-0.024289
-0.092159
0.003877
0.097990
0.103534
-0.006637
0.027970
-0.022620
0.115589
-0.081757
-0.081405
-0.007735
0.068299
-0.108311
0.007480
-0.015415
0.024846
-0.013507
0.002229
-0.041600
0.006202
-0.027184
0.047772
0.013314
-0.083636
-0.081931
-0.098945
-0.076585
-0.154858
0.027720
0.040600
-0.123347
-0.088146
-0.157832
0.034898
0.056883
-0.015356
0.023952
0.039533
0.058158
0.047273
-0.040576
-0.068780
-0.031874
-0.056279
-0.050389
0.029521
0.018241
-0.053345
0.065919
0.035740
0.052150
0.003274
-0.052375
0.023662
0.082465
-0.019127
-0.050923
-0.064319
0.019747
0.113954
0.074043
-0.047868
-0.019614
-0.001781
0.079306
0.012176
0.118415
0.042392
-0.009093
-0.042921
0.055865
0.011261
0.116307
0.057859
0.002642
-0.120614
-0.024818
0.056491
-0.046781
0.010946
-0.090156
0.016217
-0.065947
0.082183
-0.034652
0.061195
-0.036847
0.080646
0.019964
-0.116550
-0.075620
-0.008535
0.017298
0.054623
-0.124821
-0.102806
-0.080630
-0.001814
0.055254
-0.073215
-0.072058
0.116063
-0.058466
-0.121238
-0.052754
-0.108089
0.001046
-0.072038
0.031794
0.039224
-0.017039
-0.046780
0.047532
0.066526
-0.072907
-0.230643
-0.035331
0.097212
-0.008726
-0.077903
-0.071540
-0.155354
-0.076608
0.137202
0.041083
0.115077
-0.021749
0.040403
0.126192
-0.100399
-0.076222
0.162370
-0.040539
-0.030150
0.008687
0.105681
0.059237
-0.013230
0.074202
0.125095
0.034388
-0.096656
0.011855
-0.114436
0.063684
0.020784
0.002729
-0.033991
-0.028420
0.064970
-0.116246
0.032865
-0.010530
-0.058391
-0.036800
-0.032520
-0.018642
0.005405
0.003499
0.142960
-0.007299
-0.058669
-0.116585
0.027221
-0.049579
-0.067698
-0.044548
-0.166079
-0.133105
-0.113282
-0.016368
0.008849
-0.042800
-0.087730
0.008068
0.004450
-0.100738
0.120417
-0.057183
-0.061131
-0.040984
0.060772
0.077033
-0.104662
0.019161
-0.036243
0.028113
-0.030043
-0.064871
0.050108
-0.119859
0.102636
0.028967
-0.052694
-0.053712
0.176740
0.014244
0.038035
-0.068280
-0.051892
-0.115881
0.081358
0.043618
0.069398
0.056818
-0.054490
0.031026
0.018329
-0.034015
0.034483
0.074809
-0.003461
-0.052653
-0.096925
0.093126
0.053172
0.030584
0.008269
0.067761
-0.069701
-0.013455
-0.033773
-0.067946
0.085318
0.109757
-0.041336
-0.063912
-0.097285
-0.085367
-0.013057
-0.050122
-0.100843
0.140284
0.037246
-0.077402
-0.065724
0.100729
-0.104906
0.011472
-0.111055
-0.147158
-0.034967
-0.071797
0.045395
-0.000495
0.026617
-0.108146
-0.003905
0.060902
0.103446
0.050645
0.042211
0.008690
-0.028246
0.024876
-0.007342
0.009129
0.087831
-0.044689
0.075944
0.009983
-0.034344
-0.025547
-0.024801
0.050639
-0.077734
0.050974
-0.068023
-0.065489
0.052372
0.135332
-0.026691
0.074207
0.047092
-0.079541
0.018971
-0.066884
0.011483
0.052908
-0.041936
-0.063681
-0.019080
-0.046198
0.075114
-0.030505
-0.010349
-0.232684
0.167483
-0.072695
0.034800
0.006971
-0.042380
0.123305
0.161284
-0.029283
0.153948
0.054669
-0.084591
0.051123
-0.064507
-0.082471
0.043029
0.151978
0.000177
0.005624
-0.087844
0.042184
-0.074700
0.059152
-0.107422
-0.084514
-0.049968
-0.034042
-0.004327
-0.025260
-0.161330
0.116191
0.051716
0.038587
0.118695
-0.017588
-0.024693
-0.010202
0.003716
-0.129489
-0.073322
0.024672
0.060195
-0.071738
0.025657
-0.111753
0.034355
-0.105693
0.000705
0.012645
0.040224
0.029654
-0.090362
0.020501
-0.067656
-0.011785
0.173650
0.112234
0.058918
-0.039809
-0.009366
0.035973
0.032306
0.106303
-0.016468
0.050257
0.013252
-0.093358
0.160113
0.040750
-0.052666
-0.102517
0.089031
0.065642
0.161301
-0.058252
-0.036136
0.078957
-0.016913
-0.014686
0.011359
-0.105098
-0.017909
-0.088424
-0.045792
-0.066454
0.126213
0.024258
0.118469
-0.087486
-0.070995
-0.142806
-0.007196
-0.073029
-0.068420
0.013049
0.014757
0.032755
0.089445
-0.038207
0.051576
-0.084583
0.111144
0.162277
0.066457
-0.090915
0.132398
0.099935
-0.042633
-0.041382
0.061966
-0.095182
-0.097736
-0.047533
-0.050673
0.192728
0.010076
-0.070808
-0.017832
0.005548
-0.013331
0.094323
-0.026991
-0.039697
-0.107089
-0.065149
-0.041177
0.081778
0.108857
-0.049973
0.073284
0.156611
0.191049
-0.068042
-0.007186
-0.047230
-0.106690
0.008702
0.017674
-0.076542
-0.005203
-0.014563
0.130579
0.027977
0.023390
-0.086165
-0.054332
-0.004227
-0.035100
0.011288
-0.032890
0.031899
0.023387
0.049421
0.002973
-0.033290
-0.068865
0.160267
-0.046172
0.094850
-0.027080
-0.052217
0.034542
0.031103
-0.003034
0.091361
0.035330
-0.052120
-0.001690
-0.026739
-0.044705
0.005118
0.009831
-0.101660
-0.034046
0.017727
0.012347
-0.144511
-0.013889
0.041615
-0.011528
-0.050047
0.051754
-0.057257
-0.076234
-0.209176
-0.007304
-0.070626
-0.030590
-0.046975
-0.067491
-0.031200
-0.045557
0.057512
-0.061438
-0.023795
-0.003598
-0.086420
-0.090922
0.135224
0.111223
-0.094059
-0.060692
0.070716
0.024266
0.017694
0.066827
0.066574
0.117000
0.088806
0.013821
0.073750
-0.048891
-0.151028
-0.003776
-0.073738
-0.044492
-0.018675
0.112992
-0.175765
0.130012
0.058559
0.004504
0.037108
0.024480
-0.075462
0.054680
-0.098770
0.065517
0.009416
-0.001654
0.072016
-0.017977
0.104388
0.034092
-0.017214
0.018706
-0.068955
-0.028131
0.006506
0.048101
0.120573
-0.098565
-0.019229
-0.066484
0.034321
0.001668
0.075715
0.172497
-0.137823
0.042128
0.016088
-0.020387
0.159235
-0.037686
-0.023396
0.300625
-0.021960
-0.104609
0.020132
-0.001300
-0.097051
0.001961
-0.021156
-0.026892
-0.058436
0.062393
-0.027690
-0.019185
0.080846
0.001301
0.070614
-0.002122
0.009684
-0.031828
0.060009
0.131651
0.007513
0.088223
0.004597
-0.109411
-0.024975
-0.048244
0.064389
-0.042742
0.018707
-0.134666
-0.035606
0.004760
-0.032895
0.160676
0.009400
-0.017476
-0.071134
0.050607
-0.111545
-0.086110
-0.069333
0.020392
0.044947
-0.183217
-0.070322
-0.088396
0.055144
-0.046127
0.029654
0.133423
0.064871
-0.021238
0.052132
-0.022527
0.035334
0.037884
0.012360
-0.049580
-0.007583
0.021424
0.042841
0.050360
0.036502
0.027579
-0.085981
0.042057
-0.028606
-0.046480
0.026916
0.004232
-0.005117
0.048464
0.010821
-0.194812
0.075110
0.050253
0.100375
0.074165
-0.056953
0.010056
-0.034123
-0.083355
0.099302
0.016034
-0.001101
0.053673
-0.220975
-0.108142
0.111915
-0.089147
-0.054674
-0.005843
0.061581
0.028057
0.008015
0.032554
-0.077411
-0.020847
-0.071351
0.091091
0.057416
0.113469
-0.068050
-0.049188
0.043564
0.005273
-0.021947
-0.008847
0.095863
-0.018255
0.004915
-0.070904
0.060924
-0.026740
-0.065440
0.031795
-0.011012
-0.156305
0.044718
-0.123405
0.095525
-0.084318
-0.045750
0.089422
0.058524
-0.074028
0.026000
-0.098532
0.036427
-0.044653
-0.004463
-0.015821
-0.036653
-0.011701
0.090399
0.092073
0.025291
-0.017506
0.060663
-0.052197
-0.004157
-0.086654
0.036741
0.091785
0.070916
-0.158119
0.044597
-0.041321
-0.015891
-0.091620
0.126575
-0.014149
0.049634
-0.095671
0.054338
-0.021903
-0.054484
0.048646
0.040249
0.049219
-0.055644
0.099824
0.098432
0.050489
0.020921
-0.009474
-0.071968
-0.028248
-0.026461
0.044125
0.089383
0.142875
-0.015236
-0.017279
-0.069088
-0.019680
0.017856
0.020984
-0.064961
0.077047
0.020436
0.055986
-0.098246
0.027855
0.118832
-0.001674
-0.067588
0.023954
0.046700
0.038881
0.057630
0.017491
-0.162823
0.130530
0.028952
0.070642
0.019846
-0.041409
-0.014396
0.009713
0.029932
-0.011289
-0.008901
-0.062732
-0.058987
-0.067700
-0.016583
-0.011873
0.133242
-0.001941
0.010434
0.005171
-0.011975
-0.115638
-0.140486
0.076604
-0.009435
0.094590
0.003925
-0.032541
0.078685
0.120930
0.082280
-0.073400
0.075267
-0.020508
0.044564
0.018945
-0.030313
0.006389
0.042796
0.140441
-0.047507
-0.136474
0.017243
-0.039793
0.069242
0.080530
-0.109418
0.027091
0.009451
0.039228
0.058816
0.061637
-0.075109
-0.003083
0.067700
-0.048719
-0.017367
0.021607
0.075629
-0.029233
0.077844
0.077992
-0.032989
0.030384
0.071952
-0.038562
0.035238
-0.000729
0.007247
-0.183935
-0.010033
0.078075
-0.016168
0.018405
-0.027071
0.005933
-0.040949
0.037517
0.085045
0.015463
0.074779
-0.169889
0.014174
-0.031824
-0.009663
-0.148789
-0.057519
0.051340
-0.053833
-0.023526
0.006723
0.006662
0.007099
0.043393
0.005383
0.072235
0.004210
0.076660
-0.039257
0.023372
0.078689
0.038195
-0.084456
-0.035791
-0.060489
-0.050371
0.079036
0.016721
-0.109419
0.057096
0.025125
-0.084914
-0.057397
0.169376
-0.038147
-0.012827
-0.046339
-0.081568
0.045162
-0.093971
-0.101194
0.000498
-0.048130
0.035587
0.079834
0.017388
-0.066944
-0.022989
-0.074758
0.035829
-0.080552
0.076570
-0.065448
-0.023076
0.051240
-0.053262
0.055529
0.164486
0.015871
0.171011
-0.066656
-0.148837
0.100781
-0.055323
0.032414
-0.055654
-0.010527
0.039457
0.014402
0.047716
-0.083801
0.000878
-0.016949
0.084012
0.144378
0.060564
-0.020377
-0.024309
-0.044025
-0.020551
-0.079862
-0.003760
-0.109226
0.037204
0.086238
0.008104
0.055298
-0.023191
-0.039815
-0.006563
-0.207273
0.012896
-0.032190
0.017496
0.006243
0.003195
-0.034726
-0.021041
0.027221
-0.004710
-0.087816
0.051557
-0.013233
0.157724
0.009660
0.022672
0.013571
-0.100900
0.013965
-0.063998
-0.028572
-0.036142
-0.021791
0.068167
-0.059450
0.076133
-0.068485
0.073892
-0.018973
-0.024703
0.056220
-0.075170
-0.111174
0.017289
-0.004308
-0.014619
-0.025021
-0.052005
-0.021119
0.026072
-0.123341
0.142555
0.103150
-0.003940
0.038370
0.097989
0.017242
0.049476
-0.073889
-0.061873
0.027806
0.139261
-0.132947
-0.056748
-0.045468
-0.103635
0.040840
-0.091346
-0.146939
0.064213
0.028666
0.029240
-0.003301
-0.041556
-0.008966
-0.065936
0.112303
0.021258
-0.076630
-0.064325
-0.029888
-0.030443
0.046365
0.042503
-0.029703
-0.093860
0.035430
0.123184
-0.053396
-0.124689
0.058094
-0.110282
-0.035318
-0.028367
-0.067087
-0.043618
0.056280
-0.041425
0.026387
-0.037696
-0.084004
0.106984
-0.103429
-0.040836
0.014310
0.043247
-0.133665
-0.007401
-0.017097
0.046543
-0.065589
0.000338
-0.073138
-0.050542
-0.030956
0.060296
0.044199
-0.003193
0.086559
-0.053101
0.033258
-0.052821
-0.079621
0.031360
-0.019037
-0.026979
-0.022253
-0.046731
0.021272
0.051296
-0.095258
-0.043524
-0.032781
-0.071059
-0.027150
0.101261
-0.101627
-0.055941
0.047190
0.055190
-0.091503
-0.020747
-0.100855
0.055162
0.028656
-0.068245
-0.039272
-0.135942
0.063944
-0.059148
0.052327
-0.022417
0.037657
0.157986
0.029400
-0.044890
-0.111635
-0.058246
0.012189
0.078018
-0.075689
-0.003967
0.147342
0.098254
-0.084286
-0.070790
-0.091309
0.009911
0.001607
-0.134706
-0.040143
-0.043639
-0.046041
0.059851
-0.156696
0.042017
-0.101082
0.005427
0.043466
0.038297
-0.004809
0.065920
0.030028
0.028240
-0.038892
0.019724
0.055584
-0.030459
0.020991
0.009824
0.017735
0.063031
-0.050284
-0.078970
0.069771
0.134039
0.094933
-0.093999
-0.088568
-0.039480
0.021696
-0.081519
0.108727
0.050298
0.143967
-0.076001
0.101568
-0.058565
-0.033950
0.054618
-0.083203
0.042395
0.094279
0.102712
-0.003673
0.043660
0.131116
-0.026448
0.016940
0.028445
0.046092
-0.011678
-0.076493
0.141741
0.109760
-0.009351
0.004071
0.035965
-0.027599
-0.090473
0.116376
-0.092859
-0.036885
-0.055894
-0.007905
0.038271
-0.025542
-0.004218
0.061244
-0.046905
-0.061620
-0.025179
-0.053878
-0.049733
-0.036562
-0.055222
-0.112553
0.001143
0.038124
-0.062628
0.005997
-0.001047
0.042912
-0.040227
0.000439
-0.043941
-0.054065
0.138387
-0.005971
-0.003989
-0.042193
0.033629
-0.054172
0.051465
0.010812
-0.031104
-0.134305
0.097805
0.007723
0.008877
0.127909
-0.018263
0.056872
0.058122
-0.001150
-0.020748
0.129176
-0.035181
0.011657
-0.092006
-0.006480
0.048974
0.099910
0.003369
-0.045356
0.058987
0.081015
-0.011012
-0.006308
-0.088121
0.009076
-0.027180
-0.092517
0.047864
0.118709
0.020308
-0.125523
-0.040920
0.030819
-0.075961
-0.022168
0.120359
-0.011166
-0.048872
-0.027649
-0.056905
0.045041
-0.036325
-0.051077
-0.047372
-0.056540
0.047239
0.004936
-0.071276
0.124937
-0.014115
0.107138
-0.205644
-0.088555
0.176084
-0.069473
0.051194
-0.059866
-0.054189
-0.070525
-0.117521
0.032221
-0.037141
0.047519
0.079180
0.057656
0.078230
0.062837
-0.058895
-0.023706
0.024145
0.100306
0.173896
-0.149370
-0.049644
-0.002826
0.083020
0.057626
0.083921
-0.050850
-0.087546
0.029346
-0.038540
-0.058313
-0.066784
-0.037566
0.038357
0.026838
-0.043094
0.017695
-0.086174
0.028099
-0.068533
-0.033805
0.090312
0.034672
-0.038357
0.092161
-0.133536
-0.015786
0.030311
0.034666
0.070961
-0.029362
-0.009122
-0.111008
0.002071
0.084247
0.084842
-0.079144
-0.051147
-0.044707
-0.006705
0.007185
-0.034791
-0.043105
-0.121831
0.043625
0.027262
0.007096
0.110147
0.093670
-0.000767
0.021919
0.010071
-0.040176
0.109107
-0.070164
0.060082
-0.026582
0.009895
-0.057962
0.025867
-0.091633
0.093652
0.057354
-0.032766
0.079406
0.177167
0.008904
0.007046
0.023976
-0.044387
0.036519
-0.000557
-0.023030
-0.028060
-0.014104
-0.047401
0.011208
0.108808
0.189995
-0.001311
-0.139116
0.008972
0.037537
0.080819
0.060028
-0.071381
-0.087652
0.086544
-0.000292
-0.051159
0.019377
0.089637
-0.046800
-0.045452
0.073852
-0.026660
-0.045506
0.027121
-0.026320
-0.058794
-0.041333
-0.018801
-0.097336
0.017521
0.019659
0.198240
0.023140
-0.054263
-0.094818
-0.032343
-0.022081
0.068038
0.090303
0.053254
0.099440
0.068134
0.063084
0.033291
0.034907
0.016998
0.000323
-0.152255
0.103520
-0.031029
-0.093652
-0.004491
0.002880
-0.168891
0.059351
-0.099255
0.013980
0.063418
0.078724
0.042687
0.025927
0.010308
0.020527
-0.082254
0.090950
0.093724
-0.039663
0.031757
-0.007039
0.094868
-0.132831
0.020622
0.042406
0.070732
-0.110046
0.031943
0.013969
-0.055131
0.137874
-0.091080
0.038654
-0.046472
-0.072854
0.089401
-0.002545
-0.030475
-0.073040
0.047336
-0.038489
0.082583
0.114977
-0.038099
-0.049560
-0.001936
-0.104414
0.007854
-0.038943
0.015584
0.090741
0.081261
0.008029
0.033844
-0.024066
-0.114847
0.055734
0.041267
0.067894
0.059596
-0.121631
-0.077018
-0.110497
0.015578
-0.160689
0.075574
-0.020284
0.000521
-0.009890
-0.087255
0.038902
0.103409
0.032768
-0.011843
-0.080190
-0.099763
-0.003740
-0.008785
-0.076696
-0.037468
-0.020814
0.050085
-0.084003
-0.096744
-0.018565
0.099270
-0.022245
-0.053639
-0.054413
0.025612
-0.009743
-0.036636
0.062101
-0.072866
-0.029489
-0.101144
-0.031551
-0.033624
0.091803
-0.036407
-0.002961
-0.042490
0.197866
0.012100
0.083882
0.014502
-0.029135
0.009179
0.092149
-0.139666
0.001636
-0.042350
-0.015229
-0.102239
-0.059848
0.011724
0.138321
-0.006731
0.147799
0.050911
0.140992
0.038866
0.070051
0.010229
0.044559
0.052629
-0.005426
-0.050173
0.025690
-0.004589
0.022500
-0.001131
-0.071083
0.057466
-0.015516
-0.020097
-0.073712
0.055769
0.072926
0.069117
-0.109058
0.020128
0.046491
0.027185
0.081065
-0.019608
0.085775
0.007922
-0.064977
-0.100811
0.068929
-0.061007
0.107227
0.077413
0.084052
-0.049808
0.026064
-0.134709
-0.061266
0.007614
0.000707
-0.109758
0.104062
0.088814
0.037941
0.072867
0.011171
0.002068
-0.038948
0.100120
0.036911
-0.006476
-0.090525
0.150979
0.038525
-0.016130
0.009062
0.011454
0.135081
0.084556
-0.003428
-0.005118
-0.057951
0.016061
-0.014733
0.025825
0.135507
-0.044377
-0.040456
0.117048
-0.003914
-0.059152
-0.035438
0.092533
-0.016570
0.071447
0.103838
-0.005295
-0.024127
0.000222
-0.041011
0.009295
-0.195263
0.100885
0.095120
0.129795
-0.050015
0.057282
-0.050740
-0.152112
0.049140
0.071698
-0.064001
-0.055289
-0.000804
0.104439
-0.021822
0.140510
-0.086232
0.034905
0.037554
0.027829
0.051595
0.133691
0.060889
0.015889
0.047647
0.034174
-0.041467
-0.070214
0.078942
-0.000446
-0.017611
0.002923
-0.049690
-0.071236
-0.014031
0.036723
-0.026916
-0.114550
0.049288
0.129107
-0.138145
-0.018571
0.021428
-0.002573
-0.079419
0.004659
0.154375
-0.024725
-0.023082
0.090782
0.062924
0.056548
-0.067650
0.070549
-0.102389
0.149937
-0.008226
-0.020179
-0.013694
0.058187
0.026436
-0.068624
-0.150639
0.009488
-0.045098
-0.025493
0.023844
-0.084239
-0.011860
-0.072772
0.023235
0.038322
-0.071575
0.066997
0.031545
0.064094
0.006225
0.114896
-0.085474
0.168666
-0.014810
0.008327
0.089296
-0.113482
0.107288
0.080372
0.078699
-0.052955
-0.128220
-0.099215
-0.050880
-0.031432
-0.072261
0.073447
-0.114248
-0.061017
0.029935
0.030455
-0.023031
0.106589
-0.126175
0.012776
-0.010430
-0.022026
0.111918
-0.180096
-0.029175
0.001617
0.010725
-0.023763
-0.015468
-0.020520
-0.104606
0.178667
-0.098359
0.087271
0.142481
0.106033
-0.023598
-0.018960
0.060021
0.071651
-0.011353
0.001495
0.017773
-0.050784
-0.033331
0.017345
0.087100
-0.074131
-0.014765
-0.068668
-0.103862
-0.012480
0.045567
-0.040313
-0.003721
0.044770
-0.031746
0.029902
0.085157
0.154747
-0.159409
-0.008059
0.115823
-0.020526
0.008399
0.090102
-0.075529
-0.038818
-0.134305
-0.019058
-0.124027
-0.007485
-0.016487
0.097048
0.046033
0.015601
-0.048751
-0.010146
0.037226
-0.066753
-0.092005
0.162549
0.072661
0.035179
-0.111600
-0.031692
0.032386
-0.124107
0.084530
0.184367
-0.150757
-0.041466
-0.108894
-0.122817
0.133342
0.037622
0.067516
0.000854
-0.090452
-0.001508
0.005472
-0.006933
0.000613
-0.093387
-0.049174
-0.113695
-0.027706
-0.004010
0.040259
0.134025
-0.123215
0.041453
-0.015455
0.080270
0.024489
-0.012636
-0.054759
0.150959
0.061614
-0.034576
0.053121
-0.010128
0.026481
0.066399
-0.000209
-0.062308
0.132147
0.051479
-0.031841
0.021267
0.056340
0.029173
0.019485
-0.006660
-0.085713
-0.091329
0.083759
-0.106656
-0.087749
-0.055196
-0.075206
-0.040562
-0.040078
-0.127929
0.076046
0.026165
-0.009654
0.034129
0.061717
-0.098358
-0.037880
-0.101598
-0.020463
-0.061361
0.023550
-0.072536
0.007956
-0.131979
0.084966
-0.140376
0.034245
0.051691
-0.113741
-0.121831
-0.084536
0.054701
0.034692
0.039134
-0.161499
0.044376
0.062515
0.131519
0.027961
-0.092658
0.077906
0.092181
-0.012012
0.060509
-0.072434
-0.030356
-0.007753
-0.117675
0.064137
-0.181787
0.099042
0.047317
0.058208
-0.054896
-0.055579
0.131925
-0.027312
-0.019288
0.108120
-0.126841
0.006031
0.035739
-0.117159
-0.057499
0.026863
-0.071740
0.024296
-0.012091
-0.029225
0.005298
-0.052586
0.049414
0.080622
-0.202804
-0.145994
-0.065157
0.008053
0.082763
-0.059907
0.064405
0.064066
-0.095375
0.008205
-0.003219
0.032378
0.009464
0.092443
0.104629
-0.042398
0.117872
-0.022098
-0.043986
-0.072595
-0.004734
-0.098100
0.022806
-0.090441
-0.076514
-0.028492
-0.109590
0.001123
0.003095
-0.046578
0.111699
0.126461
0.082835
-0.058280
-0.050538
0.011485
0.038540
0.059983
-0.161773
0.099900
0.074349
0.028578
0.006458
-0.134790
0.144691
-0.074920
0.040028
-0.033891
-0.070162
0.257834
-0.018520
-0.154394
-0.039127
0.046534
0.031046
-0.022436
0.046868
0.118617
0.028494
0.118433
-0.081925
0.151319
0.053294
-0.089027
0.062064
0.066020
0.003958
-0.090230
0.059717
0.001149
0.164153
-0.020455
-0.068907
-0.083916
-0.069183
-0.021351
0.029883
-0.053223
-0.024047
0.082604
-0.020366
-0.039496
-0.122660
0.092009
-0.066775
0.060836
-0.092661
0.180777
-0.050591
0.029595
-0.009795
0.004714
0.091670
0.071478
-0.079365
0.016795
0.024807
0.026283
0.029579
0.042423
-0.098925
-0.072635
0.011202
0.124806
0.084630
-0.022165
0.028956
-0.025356
-0.014028
0.025110
-0.127885
-0.045666
-0.066513
0.062461
0.079086
0.111150
-0.075672
0.024976
0.071482
0.046817
-0.004795
-0.017743
-0.016390
-0.001404
-0.129334
-0.083459
-0.064316
-0.068307
-0.166607
0.150618
-0.103567
-0.059591
-0.042426
-0.049660
0.109313
0.047667
0.120022
0.095926
-0.036030
-0.011680
-0.145639
-0.024408
0.013802
-0.052260
-0.026808
-0.003174
-0.017140
-0.052591
0.129526
0.048952
0.023064
-0.000446
-0.092551
-0.043799
-0.028870
0.084443
0.031082
0.038296
-0.019488
0.086682
-0.048139
-0.100979
0.034441
0.026611
0.113885
0.018353
0.007567
0.088924
0.076450
-0.053121
0.096508
-0.067200
0.190856
-0.085850
0.126831
0.167428
0.018277
-0.026182
-0.062046
-0.043704
-0.028566
0.075950
-0.086399
-0.096058
0.070635
0.110451
-0.056486
0.020198
-0.073548
0.090686
0.006556
0.072989
-0.101483
-0.096803
-0.097502
0.060799
-0.155046
-0.087737
-0.116935
0.001728
0.076994
0.090962
-0.157768
-0.036303
0.035924
-0.080491
-0.041427
0.076584
-0.109924
-0.177627
0.060275
0.093375
0.023609
-0.116763
-0.009763
-0.003842
-0.097600
0.050171
0.190520
0.035020
0.092625
0.005266
0.007912
0.075925
-0.017173
-0.092438
0.016184
-0.079123
-0.060152
0.030018
-0.010957
0.052679
0.003317
-0.102516
0.000997
-0.128501
0.085478
0.104908
0.102290
-0.042549
-0.028241
0.043245
-0.044502
-0.076373
0.032612
0.034200
0.112720
0.077133
0.067791
0.094285
-0.011664
0.041270
-0.091671
0.089910
-0.063352
-0.095498
0.007260
-0.112937
-0.069820
-0.054105
-0.090842
0.051985
0.059671
0.120915
0.083791
0.052519
0.026764
-0.128661
-0.058907
-0.021428
0.047618
-0.057764
0.083124
0.060810
-0.061805
-0.060580
0.054084
0.024729
0.005779
0.004202
-0.053691
0.013744
0.008915
-0.061534
-0.050110
0.048807
-0.162774
0.012933
-0.110590
0.023627
-0.044620
-0.110526
-0.141905
0.060969
-0.032993
0.066755
-0.067537
0.020773
0.010207
-0.038228
0.056198
-0.018408
0.062449
0.179844
-0.106660
0.007692
0.071353
-0.046192
-0.042796
-0.095170
-0.211159
0.102189
-0.011349
0.056457
0.035832
-0.005064
0.048793
0.093161
0.067089
-0.036568
-0.080211
0.043094
0.061361
0.102925
0.017392
0.135038
-0.017442
-0.081970
0.081729
-0.048853
0.042033
0.001100
-0.063182
0.043041
0.034054
-0.104280
0.035051
0.036564
0.130641
0.057839
0.078778
0.057737
0.031249
0.144563
-0.048414
0.011259
-0.107582
-0.002151
0.040579
-0.075833
0.062000
0.043465
-0.010506
0.042920
-0.044204
-0.111560
-0.084890
0.013090
-0.083169
0.026967
-0.021943
-0.022105
0.048530
0.022283
-0.043557
0.032740
0.093631
-0.047759
0.132892
0.096426
-0.117986
0.037603
0.040256
-0.091096
-0.079670
0.068454
-0.000782
0.121413
-0.046709
-0.050174
0.060954
0.095163
-0.121173
0.087481
0.033461
0.052223
0.099726
-0.067644
0.003631
0.006813
-0.189140
-0.032880
-0.113790
-0.069722
-0.073216
0.030650
0.045389
-0.010583
-0.016114
0.008824
0.023279
-0.038732
-0.075297
0.091127
0.046656
-0.090400
-0.034301
0.005472
-0.110143
-0.067424
-0.006228
0.084326
0.003497
0.086652
-0.063627
-0.017566
-0.043444
0.075308
-0.063518
0.106069
-0.061115
-0.135570
-0.031107
-0.097357
0.021838
-0.016639
0.070813
-0.075497
0.101425
-0.069522
0.102089
-0.088014
-0.078589
-0.108106
0.002333
0.088669
0.005156
0.093033
0.020487
0.110315
-0.097345
0.043850
-0.074177
-0.175487
0.092425
0.004432
0.010762
-0.097317
-0.079362
0.006185
-0.024382
-0.070296
0.078732
-0.184580
0.049625
-0.051128
-0.006949
-0.017694
0.130787
-0.093006
0.037588
0.009085
-0.075994
0.005544
0.016415
-0.070571
-0.068169
-0.093302
0.047871
-0.029350
-0.077796
-0.065225
0.070810
-0.036311
0.137311
0.003147
-0.002918
-0.011103
0.007322
0.051410
0.016792
0.007744
0.028483
0.038736
-0.037289
0.021826
-0.008230
0.038937
0.035032
0.105461
-0.000517
0.003294
-0.029170
-0.097147
0.013654
-0.232256
-0.118130
0.047387
0.055281
0.052866
0.197487
0.068190
0.015110
0.010901
0.031488
0.048886
-0.029990
-0.177938
0.169558
0.067714
0.000222
0.018100
0.053936
0.070015
0.036090
-0.070562
0.060941
-0.001223
0.064416
0.118412
-0.140730
0.046108
0.031008
0.078147
-0.042681
-0.067806
-0.161667
-0.059969
0.038589
-0.067927
0.051546
-0.031826
-0.156545
0.049174
-0.104717
0.073286
0.014655
-0.066794
-0.027811
-0.145598
0.068604
0.146507
-0.168619
-0.089912
-0.013199
0.042517
0.063080
0.085762
0.033979
-0.120934
-0.018637
0.050399
0.114710
0.158944
-0.017745
-0.154619
-0.003174
-0.022560
-0.052312
0.049690
0.130818
-0.145430
-0.131331
0.027267
-0.005364
-0.000836
0.090398
0.021563
-0.014945
-0.031268
-0.095482
-0.000906
-0.081299
0.056144
0.017866
-0.002315
0.123063
0.062727
0.022367
-0.015772
0.018109
-0.060693
-0.055394
0.085363
0.057799
0.056726
0.076269
0.005995
0.065409
-0.061060
-0.101652
0.045486
-0.135623
-0.079113
-0.026567
0.011228
0.143240
-0.049147
-0.184593
0.081438
0.025022
-0.050040
0.045620
-0.072099
0.137631
-0.058959
0.051590
-0.072070
0.020104
-0.026213
-0.156341
0.110958
0.036167
0.003773
0.052996
0.009958
0.051596
0.053800
0.017239
-0.048109
-0.003866
-0.058202
0.032177
0.016562
-0.115815
-0.049951
-0.131760
-0.029659
-0.058531
0.048440
0.007367
-0.044390
-0.115215
0.149615
-0.125890
-0.022469
-0.103331
-0.113139
0.022982
0.047720
0.181981
0.072905
-0.027626
-0.000667
-0.064373
0.085296
-0.105571
0.000458
-0.149838
0.036575
-0.075257
-0.042091
-0.004469
-0.018725
0.032695
0.094148
-0.066206
0.017916
0.167516
0.054418
0.015736
-0.000242
0.079480
-0.030995
-0.036489
-0.103189
0.035445
0.005685
-0.127298
0.043353
0.034596
0.025172
-0.170119
0.043192
0.116908
-0.161864
-0.074571
0.018531
-0.056524
0.062795
-0.027522
0.075269
-0.072398
-0.012977
-0.067078
0.085095
-0.009967
-0.191627
0.020650
0.075353
0.012860
0.043539
-0.049812
-0.045861
-0.009192
0.131513
0.029330
0.004204
-0.118375
-0.018695
0.057834
-0.019338
-0.032499
-0.040719
-0.058600
0.105700
-0.052364
0.051090
0.015483
-0.064368
-0.033218
0.025569
-0.204562
-0.062986
-0.026636
-0.068895
-0.063180
-0.027112
-0.037878
0.050102
0.109922
0.030218
0.058074
0.113040
-0.088545
-0.107008
-0.014880
-0.070418
-0.005986
-0.044086
0.069435
-0.085126
-0.094748
0.032632
-0.044139
-0.149568
-0.020003
0.056813
-0.012438
-0.057572
-0.042097
0.034934
0.204216
-0.041790
0.029544
-0.036875
-0.165500
0.144240
0.005334
-0.054311
0.050464
0.018444
-0.038243
-0.054332
0.114430
-0.100042
-0.037337
-0.057338
0.005751
0.140482
0.000900
-0.119853
-0.082531
-0.103103
-0.118797
0.106614
-0.053324
0.087363
-0.070489
0.093732
0.091248
-0.035796
-0.055669
-0.115240
0.017264
0.213962
-0.182469
-0.045232
0.193919
-0.057318
0.157594
-0.097253
0.056853
0.011996
-0.009803
-0.073474
0.116796
-0.035195
0.003735
-0.002025
0.019782
-0.016211
0.088284
-0.134972
-0.037356
0.007495
-0.052794
-0.088986
0.047385
-0.003541
0.124256
0.056539
0.102894
-0.081581
0.131322
0.038094
-0.024147
-0.083636
0.004486
0.069770
0.007713
-0.021114
-0.049609
-0.039851
0.032038
0.008431
-0.102815
-0.066868
-0.043102
-0.010958
0.036760
0.043972
0.051338
-0.084097
-0.038387
-0.005369
0.028784
0.030162
0.036547
-0.001188
-0.019530
-0.168449
0.089738
0.070385
-0.050974
-0.049990
-0.003563
0.032941
-0.051346
0.023361
-0.023333
-0.057767
0.083993
0.037490
-0.028588
-0.093942
-0.124675
0.012139
0.119996
0.016599
-0.094001
0.055725
0.002949
0.027612
-0.046875
-0.072885
0.133423
-0.051006
-0.040247
0.028400
0.047992
0.116817
0.001443
0.032207
0.070854
0.074007
-0.009469
-0.066324
-0.005536
-0.044695
-0.026367
0.041657
0.046260
0.028896
-0.134887
0.044050
0.009393
0.186921
-0.086807
-0.071589
-0.063666
-0.172447
-0.009725
-0.073116
0.019942
-0.034210
-0.065595
0.085012
-0.062419
0.075786
-0.109361
0.057084
0.004087
-0.066235
0.146402
0.068356
0.060556
-0.031060
0.116204
-0.054492
-0.068087
0.056718
0.026590
0.032953
0.131004
-0.083322
-0.081030
-0.022527
-0.025628
0.053314
0.054579
0.056836
0.062576
0.044033
0.104633
-0.024477
-0.005482
-0.041710
0.030655
-0.054597
0.071353
-0.097249
0.033352
-0.035776
0.013207
-0.148981
-0.196835
0.060540
0.104270
0.029396
0.101923
0.078985
-0.094477
0.139892
-0.103379
0.075048
0.058973
0.095751
